4068814
3568777
4068797
3522433
938167
4068545
1577006
4068783
3051726
2369385
4768521
2056054
1914487
2598476
2083290
2024771
302741
703861
1961660
5265205
249990
3418352
3356609
1804879
5221064
4758695
2353809
499441
3258119
4826776
650023
2615383
1559360
3807456
4598745
948988
3045480
1785404
2662182
3143752
2155510
3026534
1947291
3116643
941701
2175304
2506430
485062
4118285
2478500
1995532
2020179
1376327
4378536
2984394
3059636
3852261
1361699
1260525
3475452
3747604
3405218
2333615
1298910
428160
698245
2515898
3286903
473102
3398169
897624
4686997
4198227
4248399
3816004
343784
686425
2327055
4228606
5253552
3738023
676561
2782817
3894811
3620806
4705500
882836
2852934
4234318
2850278
2615074
2214721
2635517
931552
3734823
4063721
2686990
2854526
3012943
4602874
2958189
2925020
236584
684086
256925
3276312
1342890
3844183
2788310
2348428
4688132
3194190
1108488
265132
2219200
3297560
3297430
2666878
3222902
746785
2673974
972507
1808844
2318699
2636563
2881473
3050266
2355950
2376371
2146840
1629789
2875308
1343648
2538381
4283808
3732232
686485
4097100
2760384
260595
3961595
1279924
2841919
4111428
447620
2689809
2592814
2787972
2018043
2450372
1341691
3468201
4101459
1539461
2531753
4098299
2980335
1836483
3021729
4584473
3941499
950104
3127080
3386467
2752089
4374963
3081364
288131
3562037
2024483
2194667
2312266
2785522
2024207
203108
965797
1102264
2913836
141987
1680550
2676709
3064800
1868262
912814
1212323
3175556
2030759
2140880
3148311
3932194
3940074
560384
2082494
2759413
296790
2429537
3706133
4701401
4841921
242548
796988
540822
2381478
2217264
3836842
4385175
2779908
2815066
414900
3304875
288257
2111505
1331567
1573078
5193769
264516
3667830
1392836
466600
2339893
71411
4505547
1572749
2132035
1121503
355800
2790467
2463953
3994851
4635056
1698939
4185703
3678651
2658822
4056794
4038833
358580
3994848
1307889
1904100
2944752
1886584
5316180
3197989
1361240
3681470
1865202
3182158
3612637
3861737
2231160
3957964
1159897
4100737
250802
3062863
4468886
350421
2337166
908613
4445802
3909425
3664684
4214664
506023
5181881
1405369
2393249
3479730
4065554
2032815
1547022
1964923
2944753
1009533
2511563
4721704
4595603
843105
1011976
2044576
890961
243914
2514024
896518
4000492
892302
1306732
1639548
1748604
242689
1141291
1133842
2079055
4761524
1785204
2442014
3761381
2392189
4062311
423510
4732729
438503
3805629
2384182
2345506
346440
300142
3240672
3130337
412160
3038700
3012452
2540030
4505445
723361
1909013
965558
2630772
2247553
3841964
5264186
2262901
99580
1787143
1787001
1108684
3190274
203768
1680210
2250772
3065476
1997535
2260340
4109116
3535761
413200
890452
3911132
1473742
4708554
1847085
3103627
3766824
4843689
931965
687321
4129187
3388085
3361718
3370371
2540024
3142217
5674230
1324502
2858353
1990460
676521
864644
3274173
527723
3346964
2804312
1346971
1934067
602902
2091854
979880
3670470
3361028
3748822
1721155
1009008
2437852
5887824
3854471
4083300
2110417
271806
1460916
2726857
395221
3536176
1754747
2811797
2194680
2018999
2039241
244161
474641
4679884
4317796
1013331
3698631
3035247
3881090
4444211
2717079
2025159
642143
3585740
423540
2862732
3479180
2565264
5201028
5176956
2312640
1721455
4350680
2240993
261693
1685424
1089993
2182057
2839904
4357084
359100
1102738
2373793
1097577
1028477
964614
1344113
795374
2312106
1917370
2180443
299689
2713927
1364537
2021522
2733316
1424107
1733705
711864
1787836
909914
1279935
5789782
1618747
1663354
3654628
2138660
268921
5481366
46909
4672226
1342395
2497162
2826142
5374796
966038
889549
1561145
245813
240645
1418905
3076436
2139390
1364065
1786204
2967007
1585619
1785066
1099395
2022727
2346817
2728731
298196
3276779
3914198
2833813
966604
2101552
2080731
594523
1916447
3410968
890694
1927898
2154653
1593484
2139523
2657244
3705720
2071920
1417863
4360330
1102729
1601188
4913911
5073561
218352
687436
2179100
2481417
3095720
2022518
1030118
2184017
1971384
1094997
3299020
4523842
3320313
355680
2462239
2831294
1571258
3354640
1364661
2726906
2907200
289546
862564
454730
4318437
1781158
1514470
3036530
1108850
1082046
362740
1336646
405023
1563465
1343313
2673980
2875870
2450807
139451
891558
887413
2152385
4017923
396020
2140187
4728019
278068
3327185
3294629
1551075
1232566
1100767
4209165
707641
2226144
423404
2022065
1785322
2883093
1855469
939663
302041
3183327
3245633
1332799
1741284
1331612
1990211
1956479
4379032
4551398
4124295
394989
217429
487487
3723417
2682570
778106
1943508
1144762
1352403
2787982
3478132
1362249
1102880
1738539
421460
2396599
899049
1108929
1120848
4383454
1356940
332280
413661
2611371
2223006
2957353
2512249
2903515
2707619
3866159
1107019
2966109
1977511
1102349
685462
1334081
337226
2833401
2752115
2055149
2492528
2971424
3939553
3895001
1271872
317491
677363
3284586
1785253
2475780
2184645
2848288
1512188
3299697
2504783
3056284
4973737
2524572
4578961
3167719
280854
2060744
3733558
4165594
5236585
64768
2749805
2783091
3723393
3083997
2341626
3982500
4043125
2975998
2082403
1396442
362980
4117055
2967922
1067781
4474451
3182164
2426291
3432365
2102863
2696483
881713
2466413
1989838
5101314
4623878
3971700
899845
4150042
5774863
3845501
2258443
2483961
3692444
3935005
2712732
4281996
1831042
2794027
2668561
3363623
1690450
2513249
3019691
2634184
2151707
3334493
1714483
4883275
4400242
2794035
3458727
5069443
1532693
2024215
2884269
2297177
3095229
1747964
1525845
3329333
3195823
3881769
4945976
4703991
2906329
4148485
4878566
4977650
2220822
4826792
2517030
5151025
2294488
3018090
3760439
1021220
494224
3202489
1318289
5049165
3099114
3099106
4188072
2232016
3576525
3119521
2354281
3103792
5256136
4973760
4824186
2446822
3365132
4737230
3905434
4474764
2261114
4460772
2532703
2796909
1972972
2175099
1525474
3488040
1418515
3768429
5822402
2221886
2367256
2795926
4620166
2998511
4569810
470001
5863902
4813597
4912378
2250344
124690
3817731
4319056
4669691
3332550
151848
1669052
2514360
1993185
241468
4379768
1233187
619021
3673769
38222
4507169
3902332
2583659
1419810
2221266
2223226
5027178
2912161
3555006
1926895
2254452
5007169
2186465
5219710
1359702
2547344
5521282
1593613
2608143
4287072
4316760
4499654
1610086
1583080
5521378
2661747
271650
4038788
2218812
2084149
2390935
1479561
3591224
3395540
2500461
1759273
113528
1599486
991653
2126834
2464452
3247978
879828
1499863
3925431
3465204
2150332
2022713
4200678
2728138
5215017
1716356
2029082
1698682
2037981
2492007
860925
348103
1361863
4333211
4433862
3723374
1857527
2600191
1282229
2902884
4464132
310547
1822592
1980085
2127261
3534432
2023514
2195195
1576307
2598112
1009390
450081
2804178
2640121
1576590
233752
1611756
199063
3648900
96622
3592165
3197214
1416848
4420558
2023439
3554788
2345722
2516825
2345876
3873714
4224722
199308
1086357
3220250
4824700
2597641
3694351
2834074
3895848
4486243
2577497
1998066
3221660
3062518
2038597
607144
4721538
3822552
3501566
2786821
1635244
912186
1532319
1115508
995907
1568317
4669604
1918
2870284
1796728
310241
4286324
3059443
2885074
3893278
2435045
3642562
288855
2560099
5571897
776104
1631799
1690514
1103086
4262573
4258197
2398175
4249494
4689790
3849577
3510430
3097015
287096
5192026
1620445
1287985
1589520
215969
15153
1107244
3851813
1786727
1569586
1101524
1360892
3102831
976251
2116106
2268987
4324722
2164204
1343003
3037843
2677656
3891639
3996249
4163452
2954616
668847
1883992
2665691
2171320
515863
2702547
667263
427200
5558619
1108331
900384
5268333
4519246
4110067
3625177
1745508
1368489
3723341
569602
2785342
988991
2620582
35161
3461653
3076839
4391322
2387560
4295746
4855380
4862876
1304274
3685318
2410408
2672194
2120455
3586582
1663061
4404111
4185231
4603030
3265650
3714128
4100978
3961085
1962590
1330669
4657365
619741
2503329
1691991
949719
3573256
1951872
1985369
4067716
2368660
4004845
2649647
3488821
2797089
1897824
976343
1928195
2949807
1343832
1442101
2322420
2984315
218180
1461162
1917014
1460604
1097528
5215871
1223738
2142903
5313821
424924
3437752
1687965
4042844
3805095
902528
314862
1131265
3934676
79708
3280093
93661
2261100
3459111
2719415
2294526
1525617
276629
687139
506542
4858807
710801
1976375
3486604
2722524
1100636
294306
1621340
3193702
1070226
2766770
3743419
2823630
884369
2785559
151149
676028
1632077
290335
2749531
963460
2727826
686182
5048581
4238044
356226
2759766
3326889
1978932
1362005
1978943
2129636
3864966
1572183
2273687
1343724
873397
2777983
5771502
698641
279250
1899227
4814346
192089
4371650
2139313
951491
2043203
1714751
2043107
2780888
2509297
2345185
2463568
2843106
2885216
1743512
2448398
147135
2185452
4306393
966301
1343807
2921097
3727150
416300
2741911
935419
2268871
2699927
5083521
923763
3167014
686491
2610808
5944854
1101781
4446386
676921
885904
2139657
1438825
1364860
1588869
2707177
2130233
2242918
2130982
2665639
1103175
2012105
1365095
568502
3306817
1109240
1621223
4273574
2009392
4814915
512982
3945668
4532793
892743
2789875
2290040
728423
2033919
3623957
1103613
2719918
213528
4566280
3203158
1590279
2888326
2551161
364362
4521785
3173449
1489832
2684519
1576231
4719046
891214
3039317
968693
69036
4215316
906564
3548238
57932
4030185
1356839
1671794
2612234
4745973
4238021
3307352
2237800
3523947
3923119
2046342
2221405
3608381
270224
3844707
232401
3497599
970690
2793758
1669307
4180932
4246960
1102929
5275569
486007
3122630
385722
1858757
587703
557096
314891
724801
1102865
4511381
4694674
4778392
3581600
1761253
970729
2023187
2344342
4016099
4006630
2730098
1342228
2022524
1570504
1632059
4017741
3857426
4493342
3361491
1917060
2627772
688065
1913152
2125500
2078295
358801
1159791
3164584
3199876
2225135
1342706
1926945
1108553
3311786
2651088
296870
1622885
1874128
3324928
3153855
4770775
1471368
3861204
360041
3457311
2373815
2441771
1976223
3640861
2500689
4111415
983778
4099584
2327474
1786771
1923946
3958330
3742257
2756563
2146828
2504549
2681372
3397389
4528928
3154088
2894164
4643568
112473
1919522
3997763
1436907
2902984
1784348
2428640
3744316
4057713
2900521
967598
3930591
301967
2137105
2134945
4503175
4541034
1951834
1787263
1978801
3356695
2748881
3849496
4557033
1960898
4237851
1661599
3447753
1472002
2356236
3907313
1668635
1920350
4209829
672784
1989589
2119161
3749184
2023882
1619207
3550912
1933846
1662844
2131993
4648055
2980467
687134
2137173
2757559
2033959
4135904
3727927
1620034
1573164
3183051
3515720
2872337
3718411
1284592
2023784
2565340
4291260
2753107
1784992
2151604
3189188
4867036
2188687
4662114
101529
2009918
4216669
943067
2562995
3088622
845544
1102518
2496151
2235631
2394771
1584857
2241056
1928274
2473075
2688263
2654168
1327297
229324
439122
2392616
3181900
355001
2468571
3320011
895726
2284030
3454652
3938563
424362
3654674
2581393
3066786
942016
2160625
3984296
5462514
4867034
1655268
1007886
1334108
2880350
3914132
4814672
1691574
449540
2427530
1108719
2854145
3158806
1794062
966196
2541134
1780570
4653111
1356204
2355825
1343783
2016556
1007884
633741
3190206
279988
3120260
4170554
1472462
1850889
4353526
2376608
2533102
2208369
249147
1754669
2860775
2023899
2198350
2334842
1600312
891360
2560031
5464595
2316557
3135212
4209339
4247371
2656171
3325755
4751958
2187814
3723266
3968542
1031131
2510307
3290317
3225032
2944385
4326768
4620111
4620016
971729
2745267
195569
2827974
1777037
2430352
2734715
3465453
2137404
4184355
5127350
2009065
4267778
601761
3084339
2664562
1077212
2599020
1780203
1634661
727583
2422457
3380963
2517020
1024158
1876458
849005
1102279
1584480
2808765
3682020
3497848
3637142
3138833
1166703
1572087
1765922
2916306
892231
2133999
1268567
4090024
921900
2797164
3131042
891091
3553572
2400593
991314
296854
1314290
2843924
4762314
2977997
2406650
3323213
2172164
3186708
1140713
15109
3088820
3618705
3399176
2708336
2424742
2884890
1969828
2526119
3585738
2703141
1364984
1651162
1293913
1757081
2418839
2791876
1572424
1343597
3889169
3159702
3319502
2572873
1103502
2020091
2568966
3718410
3399520
2831092
2670946
1859660
2468699
3538457
243635
2348930
2118910
2422008
3151162
4015054
4373509
1427893
1950731
4560220
3219250
897676
3144028
535662
3100569
894881
3506874
2743374
3964910
2038582
2373845
2982479
795369
2290823
2611793
4841308
2861808
684011
3083457
1418333
2646037
2596796
2206538
4592419
685548
1654026
2903346
2341079
159368
3754177
3819088
2816603
2353671
3042363
906149
2848216
4038637
493042
4475821
2482071
2561008
3276601
1651466
5267586
3530692
1961869
2400515
2670122
3519985
2405105
2377504
1742448
3514826
4562272
5495064
2020024
3414841
247457
2200252
1482267
4208583
2909209
756465
1768016
3773368
2147051
2318858
2841389
893798
1108811
1958674
260591
3180992
3910641
687041
3683475
1210323
2575725
2426447
472422
4602687
1468382
890457
1008375
1342312
2927561
1107463
2258563
5219593
2501337
2567836
3640661
2614239
495202
686810
2363535
1341306
3728206
2409609
488185
1284856
3436006
2609814
1341013
888183
262315
1301613
3069553
2671237
3056433
2445086
3034470
965421
2667194
2826577
343782
3588425
4279561
3076164
3236401
4725107
4058383
3765046
1663688
4003344
4411451
2662189
4607183
2358454
251279
685142
1094618
2561112
1259871
2698267
4314543
4751840
1986791
1660864
3358639
991324
2686082
1664945
2021346
1106721
3784496
3637649
4288973
2075654
3974583
1363790
2312414
625344
3937343
5016418
2474930
3087346
3073791
4118989
4359872
1804927
2827973
3003957
2038498
897810
4947010
1301648
3901550
2839992
2820135
2014938
2602215
2399282
1351609
2166321
2038497
3791467
2750185
2018687
2136047
2169145
1005138
2027555
1094560
4532711
2717752
2475813
2398102
3310289
4527115
4017696
1273450
3455426
2463738
2080900
3164353
949700
2923395
3821163
2156623
2456850
2872414
1361577
3709775
3309048
3777060
2037495
2560968
2639231
2979332
686548
3838938
3696533
2308366
1107637
2833075
2725789
1354068
1906547
3178714
2556179
4562732
3834723
2653920
1105056
1650293
1328973
2211325
471280
879793
2356159
2496439
3115934
3513340
4742290
2565333
3256061
2517662
2424679
1681321
2256417
3177313
2803724
4388560
4693968
3077890
3800419
3050254
3912915
2360906
1655265
2297934
4004609
2845718
1786144
2358917
3272112
57868
4582335
4587737
2395722
3245641
4872289
968019
2151387
914154
2697416
4825468
4031869
3533524
2449927
2785221
358281
4341000
3376794
4421179
1814008
1353358
4771237
4073236
4741223
4615130
2974492
335062
4285425
2772458
2965280
3374750
301266
3588261
944852
1635495
3242286
2578681
3951817
4779438
2989987
3546295
1931648
3556275
3476239
2492953
2129669
3322187
1523787
2810298
2688324
1838622
4684405
3730468
2139749
2639374
2347929
3905345
4310924
2314340
1500031
3924777
2590363
5152019
3937321
2685218
691886
1079063
3946388
4171147
2358405
2956211
3774254
3064615
3109314
2607666
2199780
2442230
1594179
2636801
4604327
3924337
971583
2263525
3829547
1063
2314338
2546302
2308141
3789141
4054146
944456
3699669
908882
2616109
2785334
331440
670041
2520929
37060
792944
627642
2753404
2695360
1285060
2853284
302692
2441183
3903359
3921175
1721794
2845794
3943284
2511872
56520
1145
2450770
1214042
1707661
2229313
2843129
3406071
2536989
2572508
931648
443520
2785207
1341952
1461152
3950453
4342551
4206397
3846062
2963579
2694929
4048531
1102854
3319890
2921661
4727638
1114363
3406127
4764031
4107472
3106501
2340313
2136583
4056787
985551
259478
1392725
2291459
2796962
121313
2906484
3255748
1326442
2909755
269108
2152416
2769982
1572959
4574634
2402185
1112582
2443639
3724645
2965263
2741739
4753348
3984633
3725002
4388526
2958491
3711840
4276921
3051326
2621696
1145183
4616885
1925807
398261
3424127
1274808
769084
2020334
3907523
3305609
4396076
2544194
1329664
2931587
3069985
5633370
3652959
3443426
1662533
1555630
1525874
1344656
2574963
268527
2316814
1030962
2422221
1485339
1129182
303406
1107627
2498695
378140
949057
995607
252810
2912683
4737175
1301217
3264322
1297195
1654628
1343400
1546522
670089
2262425
2021499
1685202
1109100
1465104
1427063
1106654
3367511
1108817
2155618
3302186
3631115
1719749
1773947
913045
3868891
2154359
3015830
1929034
2209470
1100945
811185
1872125
2014430
918853
1929097
3021425
4029354
3807815
1670571
1116022
2023851
855424
2592639
1107675
1773950
4513205
2449165
2642057
2712050
4982338
891867
89490
1785506
757892
4911817
1516965
881530
1015714
1319782
1424501
2746094
928689
2686777
3868882
1102567
1571287
3826964
1572522
1343477
2351707
2536968
3773031
939629
3826963
4838850
2023495
213012
3544077
2817614
1502723
1436468
333180
2552190
2181074
1548427
1406998
2139846
4612828
1987512
3779713
1273920
1460833
2035365
2109601
1786375
3868888
1916686
1439808
339640
969988
4494834
2613154
3868880
3013878
3883705
1089791
1439705
1485337
1088845
2475244
1343532
3018549
2846243
958879
985547
530183
2863911
393380
2000901
2347888
2623370
3610627
4764190
3868877
1785402
2951146
261068
4753744
1684116
3018483
1669275
2133394
1102588
1786940
2721083
967491
905600
2515521
1679191
1338792
1014861
1532992
3288468
687230
3970564
1773675
1522486
4284836
2602845
2733010
3513454
2308397
1679187
1343914
2602785
2520514
2748096
4070484
1874302
2785551
1677517
1943579
3044468
1425494
2024669
283308
5092626
1570961
1086687
1752206
3836186
2270582
2285884
2150056
1624773
706282
423940
5279483
542182
1003346
3396632
1653632
3707348
2516579
1101809
946937
3757077
1894942
5687804
3390758
1540533
1465869
890451
166431
2441548
1525545
239851
1012813
1106365
1362535
2588306
1099847
2234116
2201336
889504
3975847
952975
2056651
2553837
726906
2752777
567051
1751856
4614021
1570773
3934004
1088657
313973
967553
2723530
2618489
3070608
2088418
302382
3803690
5277032
2539490
4000069
1773588
2650066
560122
4248070
2726427
1784445
2026561
2223674
1572049
418280
1009276
1522823
3392079
1431072
2419039
2138882
872702
1572312
2925049
905113
1591786
2794053
3887838
275031
1785820
3017722
479843
3456817
2024282
3339127
890920
2295865
3843446
2910589
3075091
2748038
1683777
456360
2685375
3324672
2145398
2914669
980082
2358092
2811729
279994
3093438
2019136
2102083
2010752
305410
3124039
2091375
2769161
2087625
62
304567
3354599
2088141
2127481
1340914
3959872
4660708
4716745
3300777
4283140
948574
2686302
2023642
2131405
2440720
3339511
5358708
2945662
2422270
4326492
3686805
433100
3305546
4023334
1751016
809484
241484
2633232
1102797
926971
3436996
2844387
1107339
4147491
3659500
609883
4068105
1564610
2020365
1428593
4069503
961819
673821
488885
2638547
1786070
2085268
2243987
3223812
547562
2585711
3325572
1108728
2268773
314365
1601037
2156123
1500048
5136163
3205790
921523
114726
2396276
2140443
2515421
2296508
892906
3732286
1018850
1703092
4111490
3719565
3153769
382933
967841
2641982
2084654
1099277
3818268
2758173
2980598
4708467
1726038
3318954
1410137
4256140
1571663
1632717
1680198
1787323
1512012
4401957
1514829
993680
1685173
705381
4082516
3999401
1028000
2378111
273407
891458
4359951
301500
1653803
3242742
1787734
1819422
3600602
1418148
3044000
2868099
281804
1345782
597441
4501902
2184625
2517640
1071644
3862627
388642
2109358
3353343
3060837
1029978
2367122
1459012
365881
4233751
2784797
2628614
3706108
646803
459542
318907
977989
3266756
3463776
1107503
1071766
1140128
1645888
1007735
3962614
2910040
1495717
2619166
2960699
2666529
1670319
482545
1115822
1588091
4429694
1456431
1965595
3532960
1114797
1406989
2642596
3333996
856226
941228
163588
2621226
2370655
2429492
4355114
2297881
4530790
3037621
2639291
464600
2691210
1953614
273642
2081603
5683005
967822
1242693
2553786
870501
379961
10559
3453211
3402495
1571928
3840357
674103
2289585
4219164
3672218
10583
288111
432840
5340921
57935
929491
302695
3959117
274300
952037
1515751
2286148
555626
2346636
1007454
3038646
819843
3880285
2531241
253798
2557017
1663430
2405362
2429504
979354
479481
401821
3736664
79148
3221997
4513037
1024020
1269405
3320838
1619840
3628731
2581021
584702
3353233
1848864
321962
2594904
937838
847065
2955455
1183576
1342775
1787412
1242698
1961622
1954072
2369281
1551267
881222
1012546
1572103
4868853
796406
1962146
272231
3214823
896025
1034222
1338633
1928004
2379084
312012
1515743
1101408
4426788
2194452
4587983
2305061
4146993
3491265
1342522
4029787
1095289
5032558
2705475
2132623
1710066
4839872
2332826
2087935
3241550
3044890
3396585
4538593
1776471
871931
4574690
2002894
2796456
3824805
2934949
1776470
4747628
1776458
3341791
3656652
1516293
4227172
4680794
3753480
1649670
3486578
5319498
2160376
3698973
2281229
5424374
4167260
4200551
1120230
2031103
2597259
871930
3440999
389082
1985389
1295443
1304086
4171363
1138616
2245156
3335656
1430213
4087778
5830082
4649735
4918970
2021119
2962079
871082
2613448
4618348
4422541
1022280
2977358
4227954
3903878
2028565
3123183
1615362
1356514
2549664
3054410
1108343
3324479
2260909
3846717
3218047
2181130
2022151
3490280
2081997
1886186
2441166
4403514
2050399
4599560
2904861
1776472
2041715
2974533
1686112
3761243
3152973
2009067
318720
473221
289801
1929069
3802831
4245715
2354985
2549694
3052055
4872514
980243
1583314
546042
2159867
1140604
2155741
1583562
3438380
2180789
4768887
2586466
3293984
4199605
1674759
3837658
3864850
1878045
1182632
1874035
1755145
2758767
982114
2549705
2640498
2590128
1752044
1525666
4408204
566561
4553359
2132003
4061210
5707875
3110824
3898848
4506064
2220281
2136423
4595553
1279330
2543051
2706136
4322963
2974521
995579
2524593
3535677
4851709
250999
1344174
3287687
4723171
909169
1343683
2085353
2418705
2939845
1856756
968101
1410730
2318916
1475912
5034913
875823
4017858
3980121
5044643
3442140
495482
3949527
5229406
2887602
4726508
3648509
2627312
1871651
3587559
4015982
3607996
1527168
2705504
5190783
2781787
4707873
252310
2941380
3258915
1362390
3050984
3522614
3976951
5366807
3034175
4475303
4154523
5269330
3589224
4848861
3597273
4746074
4947450
4920382
3672989
3889750
3533869
4132428
3918914
3685262
3326445
3957688
4199669
3740955
4148077
3634459
3786766
4686469
5245012
3684821
3019678
3135604
3309067
3409780
4033856
3054770
3777562
5755502
3813788
4497256
4431164
3871373
3124696
3491982
3515707
3533240
3481563
3889121
3541003
3565549
3949230
3354094
4064829
3579993
4606709
5395058
3333636
4291498
3892652
3682585
3819207
4128225
2892098
3191501
4554789
5098638
3386449
2928985
5228794
4562439
5168570
4353645
4344941
3827598
4720012
4295317
4463070
3455297
3517804
4367898
5168379
3766250
3916514
3328172
3247112
5073701
3194694
3390777
3976018
3768788
4179925
4370091
3840529
3761468
4169831
4562453
3696739
4031044
3515326
3376358
3777250
4407181
5402289
3210202
3232710
3500873
5227164
4197867
4697365
4275962
4347442
4471584
3544072
3224957
4267062
3756627
3738793
2919191
4633330
5395434
3189236
3106594
3106892
5109704
3838469
4045057
4235395
3921538
3666939
3406045
3886103
4795450
5739550
3097312
4322257
3576506
3107659
3543810
3916385
3425782
3834776
5048227
3723258
4029905
3775338
3624456
5147140
2883994
4940533
4318699
3973141
3949148
5199887
3788168
3488540
3958635
4679360
4914808
2885931
3544981
4794382
5599932
3950152
4606018
4428772
3096098
3585662
3817243
3591018
3899863
3947404
3914569
4069077
3765224
3612726
4278803
4254301
3976050
3899690
5272710
4746005
4552425
5074495
4899659
4464152
5165625
3588453
4043058
5145975
5285860
4309451
3947888
3727139
3573152
4260279
4043051
4407385
3224393
5173529
3012602
3885538
5228499
3539038
4711266
4482553
3209934
4119888
4293977
3453564
5216811
5267287
3730256
3270251
3327277
4352569
4934859
3407885
3435104
3535374
4077158
3617175
4843988
3790066
3446042
4787211
3191050
5269473
3223328
4720591
3835902
3193693
3987768
3855652
3177507
5249998
5253366
4025575
3664708
4396262
2660674
3959215
5125772
3852544
4611253
3942474
3863168
4202847
3735766
4878511
4191391
2838013
5135003
4877178
2937316
3564362
4145123
3167035
4556860
3376953
5004860
4083719
3371902
4758137
3015609
4146556
3399990
3786478
5046645
4320161
5265733
4203186
3449401
3610340
5089161
3794007
4316650
4234521
3750222
5851022
4090739
3246473
4885996
3835625
5091285
2590020
4713764
4704331
3865344
4638186
3915224
3618895
3560847
4234520
4234563
3232631
3420952
4055801
4482649
5138889
3430931
4638550
4107059
4543450
4250591
4520856
3924394
4493977
3466510
3486224
3769888
3635282
3514832
3668444
4977147
4110570
4047164
3769194
4559670
4501707
3606136
3546294
3591734
3308964
4519264
4710590
3481555
3971445
4121102
3510012
4245401
4784181
3810366
4840148
4151423
5086891
5089020
4230710
4502142
4849885
4493969
4211389
1805550
3558786
4145961
4136053
3959489
4204576
3971071
5190843
4071757
4648223
3886461
5170565
3882811
3082514
3607845
3615666
4828070
3352688
4765067
5478986
3432760
3895952
3706532
4782624
2927625
3657986
5038396
3449848
4872025
4847640
4771010
4906445
3674357
3387702
3887337
3952171
4726955
4895921
2966194
4590609
5331822
3488840
5192638
4804225
3012524
4149540
4262579
3787885
4055828
4906435
3236837
3031796
1319267
4850000
3832166
3226229
3205293
3762733
3635175
3588014
3663176
4576459
5275108
2841918
2796463
4638803
4502356
3489487
3986682
4054767
3972261
3753136
3751863
3719139
3797258
2656227
3266041
3303687
1963792
3478737
5158345
3163335
3942611
2748010
4573458
4319258
4259406
3038512
5287468
2539152
3612671
2836848
2402742
1756680
5179405
4738374
1756731
4354507
3480156
5014796
3901601
3943033
4767186
3898013
4730853
3739103
3929571
3406973
4175105
4835984
5000253
2789810
3952863
2771041
3027529
5350126
5271602
2487655
4237242
4132545
2627531
3671594
5218981
4494051
4046425
4020688
5547098
5509379
3850017
1538161
3726032
4830146
5707543
4845875
4783709
4902308
4198439
4472753
1291763
3963274
3829166
4761424
4830218
3573107
4083998
4283028
4109278
1896156
4480150
4483657
3562281
2463716
5339153
3322324
5868702
4770093
3873739
3799872
5241361
3749900
2401309
4512376
3725538
4978914
4233063
2320999
4645001
4093838
5897884
4097853
5353141
5545998
3748041
3635335
1711158
5153051
5448374
5609970
3622487
4473822
2317789
4262960
4519752
4881194
3778626
2599482
5402506
2364573
1820915
4784608
3914387
3852117
1032567
3082542
3583263
1680042
2596604
4994319
3748642
5640190
2375033
4202921
4312000
3335530
3912349
5244304
4664755
4093252
3786881
4223804
2013199
1153969
3312369
3402808
5257118
1824613
3734917
5044061
3081600
4209071
1806305
4199484
4733832
2492186
2183878
5927523
3590074
418880
4719726
2293595
4819551
2967619
3552403
5562798
4208936
4282178
2512668
746204
2562029
3666029
5244300
969413
3373382
798984
3817111
5169316
3669972
1344253
4927995
4658715
4275127
5310481
3859674
4274325
4786610
4785340
3426204
4675566
4257959
4292334
4275638
3765217
4546045
4674743
5250735
4376676
3440768
5512300
4069454
4567174
4179536
4131385
4326728
3962736
5039744
5113279
4125441
4468531
4549088
4838114
4206521
4335688
4426903
4393084
5044718
4367367
4458210
4310654
4453034
4303609
5172011
4458227
4062003
4120762
5643710
4317372
5017362
4531064
4386268
5123007
4495647
4992325
4286057
3091209
4744534
3631799
3966695
4634440
4221990
4158586
3391325
3357519
4240029
3285091
5110567
4957280
3621163
4667134
4914408
4320628
4455009
4467496
4460631
2983227
4520688
4239243
4920065
2993843
4999731
3683390
5086615
5511478
3269939
4029808
5576550
4763135
4864306
3562205
3878314
4511824
3715753
3838372
3272090
3929359
3213134
3611652
5168060
4940900
4372468
4010042
4624570
3479723
4966563
3568104
3715899
5138089
5067168
4354318
3786967
4887970
4069015
3480878
4075736
4193985
3488475
4565408
3091922
4346646
4344253
3942903
3942572
3736301
4547679
3938925
3633303
4169280
4183882
5110773
3722179
3123218
4242585
4651834
4335850
5086547
4269970
4293914
4920044
3578830
4099947
4700700
4227752
2230170
4395003
4858842
4339525
4222100
3508938
4802304
4448299
4032769
4468884
3504767
4328880
4492423
4227585
3865147
3559915
3710538
4222515
4377030
4579442
5106010
5055024
4316690
4240129
4236912
4889847
3959368
3791264
4855780
3900146
5020674
4517163
4546541
4887875
3165783
4748528
4160037
3379703
3987291
4754437
5340020
2980917
4218969
3664048
2694309
4817498
3431230
3309650
5059555
3568547
5243577
4261443
1969796
1404640
2426979
553121
2218279
1474863
1361904
1343769
2654120
3783490
375563
2130851
3885079
1274774
2182203
1208122
1746915
3167834
4368029
1133872
272380
3956622
467402
1474101
2485591
3620895
4973692
1262885
5125571
802084
781085
275339
1830321
4011975
3301348
1553863
3045970
3042859
3279801
3556396
1941454
2118823
1975922
2998242
4324527
2646112
3298963
2561488
1653887
5476649
273454
301742
302738
2667055
1307879
2056935
2749079
3248980
1787351
1783198
2971474
1103548
1725697
811549
3097288
967354
3450530
302648
1546347
1028756
831725
4355511
518942
4010299
2788409
2033661
4757815
2756900
4279311
2708143
2749664
2745033
3484502
2794015
1473133
302603
1884917
2687691
3154989
2018110
2130810
415080
4719821
1240022
2707073
2776377
1988162
315044
3181694
3257496
404920
2848842
392603
3368358
2425096
5257521
3077209
500304
4422566
3561260
498882
2049889
1855582
2544720
493922
3990370
1786536
1034269
2896148
3290806
1071665
2019882
3409082
2133294
1785893
3838273
2024759
927773
3856634
2782455
846268
1275202
485603
2565187
1685771
273459
2620723
2730829
2021745
888633
2342573
2414620
1913896
182779
5890762
4387229
3022092
460641
2571288
1134722
4152078
2240248
4065260
1396733
2427477
972614
2608852
681201
1939905
2023962
3651379
2192351
1034117
4794355
1969324
3100404
996054
1296250
2668776
681261
5374206
1214062
906988
771546
2253119
1707129
824226
3725031
3708431
681227
424002
3101920
1780254
675683
1028752
2597475
2105634
1976084
2459369
1626726
2807300
1360503
2617626
4548010
1972886
3266284
2513695
730643
2489672
1341564
945140
258431
3135271
903352
980684
4032720
2282675
1087992
1512858
2048818
635301
370241
2419017
2230394
961356
672343
2171343
2708994
1382002
424303
4440092
1403545
962381
2618190
2317172
370242
469161
2853258
1133559
700843
2988248
3043708
1346893
2565459
2844080
4802033
222790
1656792
887380
556080
1726126
1020303
4548662
588167
2014635
4018408
2021997
4175534
972810
3624365
2488637
4512185
5569998
310299
1786317
3216808
2853750
1484973
2938638
5643330
1101281
302403
3829366
1452637
2646088
5809102
1955941
247884
2587931
2416482
5038262
2269075
2530816
4722776
4177492
3456077
2786047
2914545
3143731
2508172
788011
291748
2796902
2706081
255993
2366447
3880230
4396431
1671303
4236094
2055346
2349766
1163383
2103622
3108493
163848
2747674
1307059
1343758
498462
3041348
3545501
1756842
1362519
2450890
3429441
1565625
4424032
1662207
709523
4165733
2937718
3855340
1317446
3527349
2946595
2408867
1343091
2053377
1126732
5153753
2222222
3133552
2242457
4823704
3680544
1938394
2939403
650886
3870783
3288428
3912677
1958631
4733483
2311228
2724568
3020184
2313943
2235218
1929692
1149407
297319
533904
1503565
1597835
264662
4853542
3468267
2139596
2158693
3363212
1931100
1104887
1596725
2146468
2709563
372020
2861166
2136116
659881
3503527
3422897
3940109
3481719
3097488
2207930
4705891
970990
1763433
885434
2529240
891422
1343629
3367554
4010522
895231
3907792
1237582
4284431
1001033
3345191
569841
1910101
1759883
3766471
1555118
3416867
2119448
2005339
2375154
759487
2223121
1669055
5316453
3803420
1743962
1786989
1867854
527442
885520
2033555
1341664
3798417
4010355
2895110
1572005
1102406
1991571
2022387
2152522
880379
2012141
2532949
1839837
1787266
1082808
3088690
1917215
3686247
1727401
2133841
1865150
4249384
2404952
3980046
889038
3507617
4950441
4510387
2484775
2622738
2311333
1465340
891436
4518461
246497
3619244
1274605
1583326
2259039
1107434
4286020
2843553
2933873
2966415
3489549
1966816
3434256
281534
886714
538662
4405977
3617543
2511675
3799216
3208988
395020
4262576
1571546
4044937
2832425
3184819
1104951
4126431
2392123
1951055
2974511
2023085
3214738
3476369
4253979
2838029
5121385
2448392
2390506
361520
1984240
676522
890575
3140721
1087111
1573039
4636258
1219102
1087886
3543512
972138
3422172
2801580
1338980
2203387
3491994
3927170
2562965
1914478
1786618
3765106
2460777
2297817
1120872
1108806
2399288
3816956
1521545
3643687
3710513
968870
2691967
498247
2618937
2822929
3185775
1596595
3035616
3056262
3611801
3994811
2190051
3428760
1926459
3081663
3094668
964634
1754580
2409308
2473786
2659699
1018899
3746734
2648180
239723
1106986
1928894
3820471
2129491
2698417
3472771
3326082
1573286
1276999
1360249
2747579
2565703
1917292
4390811
2024805
4901060
1108758
2813466
1425966
2740335
2565052
1991328
1513170
4228110
1013981
4742401
1318135
2647878
2647244
2749485
2959703
5033906
2376212
3503133
4163626
4134426
2793887
3302977
2312096
2280511
3461284
2599457
1123735
3901082
2351061
4028931
3722096
390784
1102117
2133640
4214967
1108736
2446045
4322531
2820137
1443965
2759676
1537088
1015722
4401541
2379921
1810190
1078005
2733864
2784329
1005527
449800
2739195
275275
3048008
1462340
647842
3626025
4666793
113712
676097
2443623
1107998
930681
1986457
3522365
2522798
1106475
3048110
590947
554422
2723916
3273150
921508
2204549
2802937
906702
1786308
972423
2438458
1919884
3233627
747004
965704
2241001
2547936
1768762
3007697
3469551
600593
930629
2894583
3310682
3270419
2393878
3047383
2128195
658782
2136970
972653
3561637
930695
3537660
1104888
5544799
4595101
1985590
1012300
3595953
2386498
3263518
1507886
253047
1740513
2907729
843786
3825094
1014210
2019807
2219904
3147633
3293638
1152326
4832160
498502
3561462
1266800
1013554
1466705
2985671
3192064
3811104
2497115
2356721
1550879
874857
4680567
1546422
1153450
4522028
2140199
4935328
2557555
850070
302739
930495
2851555
339120
3817979
290935
1786159
4422376
4501822
4128064
302934
1465193
1414423
4342267
2216851
3633394
2462298
930405
590384
3588949
5635270
2037876
2023494
2551260
190376
3034250
3134922
1357338
4815836
497548
1534445
365480
590968
1213265
1014229
3197745
2490103
1572924
2804353
2810624
3889026
2270924
2234204
586702
2637194
2741888
1619104
2164789
2395630
3072286
3238899
2348423
1508174
2198060
2715820
2193044
1762771
3365212
268349
554263
1984938
3904463
2881340
2509969
3157874
4074170
3648496
909563
2196262
1570343
1635584
2146942
2880878
2704008
665086
2866231
4627622
2316036
2143649
3849397
2692035
2210748
4529463
2926368
2011889
998244
2841148
1910044
1946605
301966
3687322
2651078
889082
1421496
3211046
1009444
570021
2306214
3274644
1332041
4759961
2197782
3973587
2791914
1337232
1023964
4209562
1556394
1273919
4095561
2743136
4508284
4574855
1952091
2209352
2938513
358321
310404
2506307
1939220
2604281
3559638
2322670
2801066
2011488
2544291
4096185
2970648
229788
2878698
2556692
2608122
3983728
2330132
2649384
3070877
1876186
3974172
1011447
3634155
2720881
3282236
1938308
976316
2179588
5274269
3604642
3683792
1946379
3293533
2844259
4562559
1547083
2944104
2005910
3798814
1751025
2701321
1594038
2588330
1107204
1949520
2313022
5323122
3749670
2140096
3294389
2476922
2030289
2990481
5225154
5760025
3849152
2071915
2910246
3653018
1975636
1030825
917386
1916319
2931600
2529300
1126281
1940685
1585843
1031150
858104
4162596
2188547
2705906
4945763
3542199
1692616
2668000
1433784
2229714
5233050
4126243
4183717
1495761
1272032
1309554
4803528
946452
5553478
3724176
3520524
1509354
3289107
540982
3189657
3438199
4404563
1082897
961477
3965098
3370092
4603551
2820057
2196080
2493736
1983185
3998600
4086318
4676266
1658389
1418651
2237896
2567536
2869760
1502864
4533254
3463616
1998791
1011448
3003283
5380311
4447536
3492247
5023909
4405504
5728522
3664276
5689864
4424262
115068
4684098
4314557
3946272
3983989
2674861
3535683
3988212
4135476
2380130
2004357
3513548
1908764
1307602
2269388
3413805
2367704
3648126
2467035
1860991
1969293
2012440
2201892
3417299
4545838
2214837
3869801
1417676
4085733
1920818
3258302
1713451
2513805
4194903
4203702
2933943
4733803
2014612
3992296
1878825
1131156
4133442
3882927
1270890
2435464
3951248
2866348
2210127
3530068
5455894
1925185
3619879
4364180
1680935
5006609
